MagG as a 10-th power polynomial of log10(Mass) 
a0: 4.8326014788505347E+00
a1: -1.3006719347456318E+01
a2: 3.8069755836718855E+00
a3: 1.4261956882329343E+01
a4: -9.3511134416218056E+00
a5: -1.8436824076856226E+01
a6: 1.0707218730788490E+01
a7: 1.3797100960962503E+01
a8: -6.9664975133604123E+00
a9: -4.8960908866447355E+00
a10: 2.5919158951284169E+00
